==== Linear Probe 线性探测日志 ====
开始时间: Fri Aug 14 09:55:31 2026
Batch Size: 128
Probe Epochs: 20
线性训练集数量: 50000
测试集总数量: 10000
epoch,test_acc,best_acc
1,0.664900,0.664900
2,0.671100,0.671100
3,0.682800,0.682800
4,0.676200,0.682800
5,0.690200,0.690200
6,0.691800,0.691800
7,0.696000,0.696000
8,0.696600,0.696600
9,0.691700,0.696600
10,0.703400,0.703400
11,0.706600,0.706600
12,0.697400,0.706600
13,0.706300,0.706600
14,0.712500,0.712500
15,0.714500,0.714500
16,0.709400,0.714500
17,0.714400,0.714500
18,0.716400,0.716400
19,0.715600,0.716400
20,0.718900,0.718900
----------------------------------------
线性探测结束时间: Fri Aug 14 10:01:42 2026
线性探测耗时: 371.59 s
预训练耗时: 5174.46 s
两段训练总耗时: 5546.05 s (92.43 min)
最终最优全局测试准确率: 0.7189
